iter: 1
time: 779000 milliseconds
plogl: 0.0
learning rate: 1.0
batch_size:    1
n_samples:
weights:
1  [0.2582715221416739,-0.8958310292855197,-0.3598071963690891,-1.2941756427822133,-1.0345732997024735,-1.000167863566574,-1.0002480864638823,-1.0055067868177883,0.8774072268836841,0.9969913683335792,0.527938240067565,-1.344718865911381,-1.0265155393516203,0.8332867382721911,0.5215691276314578,0.8507663161418431,-0.18572013009176896,0.3478416177474247,-1.0440749173580808,-0.9164809988125651,-1.0,0.8949506009581691,1.0,-1.003824863980679,-0.7272741823699556,-0.06695393485644197,-1.1763332616939972,-1.0,-1.0126667987850226,0.5851502896627212,0.13628219385551113,0.47310196826934453,-1.3262733038710535,-0.275073687853226]
2  [3.4621851198154e-310,-0.33179990029292156,3.4621851198178e-310,-0.008529455170482328,-0.4538308120137745,-0.09501781725053429,-0.6317027363423556,3.4621851198257e-310,-0.04446423446172982,0.0006106574132310578,-0.5927255562424772,-0.17621885245631727,-0.010051397947062566,0.004069891126192207,0.008634879105358251,-0.5163149268572269,-0.4076617432900458,-0.4272022932648578,1.0]
3  [-0.16781414710885365,-0.12412913209029315,-0.21431065447098607,-0.08885486953439334,3.4621857844436e-310]

iter: 2
time: 1815000 milliseconds
plogl: -201.55380445398373
learning rate: 0.95
batch_size:    2
n_samples:
weights:
1  [1.0,-0.8505767238831062,0.6401928036309109,-1.5375027196326714,-0.03457329970247347,-0.9109253032745118,-0.9227366052154512,-0.04405053999829123,-0.12259277311631589,-0.003008631666420847,-0.47206175993243504,-0.3447188659113809,-0.02651553935162032,-0.16671326172780887,1.0,1.0,0.36499656251096685,1.0,-0.04407491735808078,0.08351900118743494,-1.2362710665043575,0.6096514415745029,0.0,-0.0038248639806790496,0.27272581763004444,0.933046065143558,-0.7102060238573594,-1.837296034140264,-1.59526219848064,-0.4148497103372788,0.8222994450997867,1.0,-1.8245515748002568,0.079297841392513]
2  [5.19258524269917e-310,-0.3317003536855082,5.19258524270273e-310,-0.008526896163307955,-0.45369465369173845,-0.09498931000462264,-0.6315132128848708,5.1925852427146e-310,-0.044450894301928716,-0.155097842257824,-0.6926628673734713,-0.2333490791321663,-1.0100513979470627,-0.9959301088738078,-0.4921190333784496,0.4836850731427731,0.5923382567099542,-0.30921618253605243,1.0]
3  [-0.16776379950776665,-0.1240918908675868,-0.21424635698757427,-0.08882821129608014,1.0]

iter: 3
time: 2843000 milliseconds
plogl: 0.0
learning rate: 0.9025
batch_size:    3
n_samples:
weights:
1  [1.0,-1.14096238988351,1.0,-1.826977502819584,0.9654267002975265,0.08907469672548818,0.0772633947845488,0.9559494600017088,-1.122592773116316,-1.0030086316664208,-1.472061759932435,0.6552811340886191,0.9734844606483797,-1.1667132617278089,0.7710215015550507,0.5629076595414225,-0.4051044911726685,0.8892658276782124,0.9559250826419192,1.0,-1.0075324303280266,-0.3903485584254971,-1.0,0.996175136019321,0.4622181004205105,0.8083688573803749,-1.284357637321758,-1.2326996604954994,-1.259655851047271,-1.4148497103372788,0.7666615155544846,1.0,-0.9660567978983091,-0.11794985518944823]
2  [6.0567467870925e-310,-0.3315842403110644,6.05674678709667e-310,-0.008523911280488107,-0.45353583559998206,-0.09495605851966589,-0.6312921485135515,6.0567467871105e-310,-0.04443533404316778,-0.24908656141928473,-0.8541047050769162,-0.19982053920789755,-1.537866845665036,-1.8392190462283784,-0.7508439235904245,0.8327628387044077,1.0,-0.8885736542747094,1.0]
3  [-0.1677050729473216,-0.12404845187806011,-0.21417135897447084,-0.08879711653466432,1.0]

iter: 4
time: 3856000 milliseconds
plogl: 0.0
learning rate: 0.8573749999999999
batch_size:    4
n_samples:
weights:
1  [1.0,-0.9788060302560494,1.0,-2.154891155754638,-0.03457329970247347,-0.9109253032745118,-0.9227366052154512,-0.04405053999829123,-0.12259277311631589,-1.376130750932524,-0.579710802091222,1.0,1.0,-2.166713261727809,0.04391304534743756,-0.0704828703868331,-1.1320480867757146,0.006984823699274334,-0.04407491735808078,0.0,-2.007532430328027,-0.47594092306771496,-2.0,1.0,0.11969110670336408,-0.16920550382937227,-1.6974327824834248,-2.2326996604954994,-2.2596558510472713,-2.1455193849185505,0.37969753796774414,0.1491104314115923,-1.9660567978983092,0.001669506109757135]
2  [6.4876162099318e-310,-0.3314598667757803,6.48761620993624e-310,-0.008520714056822086,-0.4533657193869839,-0.09492044156548358,-0.6310553578981891,6.487616209951e-310,-0.04441866684697868,-0.34958307991542287,-0.9279687493836174,-0.1314642841067732,-1.9130983706027882,-2.273780615363218,-1.7508439235904245,0.6400907972432295,0.4461941107643894,-1.7364127208876097,0.0]
3  [-0.1676421686525096,-0.12400192269292115,-0.21409102569612423,-0.08876380973064948,1.0]

iter: 5
time: 4891000 milliseconds
plogl: -195.33449824041946
learning rate: 0.8145062499999999
batch_size:    5
n_samples:
weights:
1  [1.0,-0.4928805292073969,1.0,-1.1928416327957965,-1.0345732997024735,-1.910925303274512,-1.922736605215451,-1.0440505399982913,0.8774072268836841,-0.376130750932524,0.42028919790877795,0.0,0.0,-3.166713261727809,1.0,0.9295171296131669,-0.13204808677571456,1.0,-1.0440749173580808,-1.0,-3.007532430328027,0.524059076932285,-1.0,0.0,0.21874002970495074,0.8307944961706277,-0.6974327824834248,-3.2326996604954994,-3.2596558510472713,-1.1455193849185505,1.0,0.884126638817942,-2.9660567978983092,1.0]
2  [6.7017533981094e-310,-0.3313313880347831,6.70175339811405e-310,-0.00851741130217771,-0.4531899881366074,-0.09488364900007934,-0.6308107515189283,6.70175339812927e-310,-0.04440144951551473,-0.4158328318676931,-1.003747823680762,-0.2056015471693942,-2.913098370602788,-3.273780615363218,-2.7508439235904243,1.0,0.004898918468399571,-1.712629296931278,-1.0]
3  [-0.16757718807137312,-0.12395385771581309,-0.21400804085181171,-0.08872940356669594,1.0]

iter: 6
time: 5909000 milliseconds
plogl: 0.0
learning rate: 0.7737809374999999
batch_size:    6
n_samples:
weights:
1  [1.0,-0.529677021177092,1.0,-0.8046446453801148,-2.0345732997024735,-2.910925303274512,-2.922736605215451,-2.0440505399982913,1.0,0.623869249067476,1.0,-1.0,-1.0,-2.166713261727809,1.0,1.0,0.8679519132242854,1.0,-2.044074917358081,-1.7993707616090668,-4.007532430328027,1.0,0.0,-1.0,0.13747686021259725,1.0,-0.487975803114614,-4.232699660495499,-4.259655851047271,-0.14551938491855054,1.0,1.0,-3.9660567978983092,1.0]
2  [6.8074816415186e-310,-0.33120088238667755,6.8074816415233e-310,-0.008514056442595088,-0.4530114845137918,-0.0948462759875772,-0.6305622861789941,6.80748164153874e-310,-0.04438396055987966,-0.4617228509151165,-1.031954393969195,-0.2733514912647337,-3.732942186655677,-3.8863204551012163,-3.7508439235904243,1.0,-0.9334523417478044,-2.261151656656744,-0.024160562735244362]
3  [-0.1675111823431906,-0.12390503445571589,-0.2139237468214851,-0.08869445460400582,1.0]

iter: 7
time: 6963000 milliseconds
plogl: 0.0
learning rate: 0.7350918906249998
batch_size:    7
n_samples:
weights:
1  [1.0,0.47032297882290797,1.0,0.19535535461988518,-1.273388215374887,-3.163169059542316,-3.922736605215451,-3.0440505399982913,1.0,1.0,1.0,-2.0,-2.0,-1.1667132617278089,1.0,1.0,1.0,1.0,-3.044074917358081,-2.799370761609067,-5.007532430328027,1.0,1.0,-2.0,1.0,1.0,0.512024196885386,-5.232699660495499,-5.259655851047271,0.8544806150814495,1.0,1.0,-4.966056797898309,1.0]
2  [6.85898426689485e-310,-0.33106938938614744,6.85898426689964e-310,-0.008510676201515258,-0.45283163040548124,-0.09480862022612861,-0.6303119410517912,6.85898426691516e-310,-0.044366339289950145,-0.5776041373759734,-1.0025823557978282,-0.3911819946563526,-4.732942186655677,-4.886320455101217,-4.750843923590424,1.0,0.06654765825219555,-1.261151656656744,-0.8890158860037876]
3  [-0.1674446772426307,-0.12385584181877615,-0.21383881505695748,-0.08865924123173996,1.0]

iter: 8
time: 8002000 milliseconds
plogl: 0.0
learning rate: 0.6983372960937497
batch_size:    8
n_samples:
weights:
1  [1.0,1.0,1.0,1.0,-0.273388215374887,-4.163169059542316,-4.9227366052154515,-4.044050539998292,1.0,1.0,1.0,-3.0,-3.0,-0.16671326172780887,1.0,1.0,1.0,1.0,-4.044074917358081,-3.799370761609067,-6.007532430328027,1.0,1.0,-3.0,1.0,1.0,1.0,-6.232699660495499,-6.259655851047271,1.0,1.0,1.0,-5.966056797898309,1.0]
2  [6.88336378272963e-310,-0.33093742900800516,6.8833637827344e-310,-0.00850728394573504,-0.4526511370252449,-0.09477083062135909,-0.6300607060999794,6.88336378275e-310,-0.0443486553871274,-0.49481653641306234,-0.9953298556339939,-0.1273300681185806,-5.732942186655677,-5.886320455101217,-5.750843923590424,1.0,1.0,-0.261151656656744,-1.8890158860037876]
3  [-0.16737793575690224,-0.12380647433194253,-0.2137535814116823,-0.08862390269736069,1.0]

iter: 9
time: 9021000 milliseconds
plogl: 0.0
learning rate: 0.6634204312890623
batch_size:    9
n_samples:
weights:
1  [1.0,1.0,1.0,1.0,0.726611784625113,-5.163169059542316,-5.9227366052154515,-5.044050539998292,1.0,1.0,1.0,-4.0,-4.0,0.8332867382721911,1.0,1.0,1.0,1.0,-5.044074917358081,-4.799370761609067,-7.007532430328027,1.0,1.0,-4.0,1.0,1.0,1.0,-7.232699660495499,-7.259655851047271,1.0,1.0,1.0,-6.966056797898309,1.0]
2  [6.8941768678905e-310,-0.3308052613331324,6.89417686789527e-310,-0.008503886361055783,-0.4524703601077217,-0.09473298165285006,-0.6298090764828536,6.8941768679109e-310,-0.0443309437046386,-0.09918743975519434,-1.09498413188741,0.15429904536163896,-6.732942186655677,-6.886320455101217,-6.750843923590424,1.0,1.0,0.738848343343256,-2.8890158860037873]
3  [-0.16731108942688663,-0.12375702929365932,-0.21366821387276236,-0.08858850864963158,1.0]

iter: 10
time: 10057000 milliseconds
plogl: 0.0
learning rate: 0.6302494097246091
batch_size:    10
n_samples:
weights:
1  [1.0,1.0,1.0,1.0,1.0,-6.163169059542316,-6.9227366052154515,-6.044050539998292,1.0,1.0,1.0,-5.0,-5.0,1.0,1.0,1.0,1.0,1.0,-6.044074917358081,-5.799370761609067,-8.0,1.0,1.0,-5.0,1.0,1.0,1.0,-8.0,-8.0,1.0,1.0,1.0,-7.966056797898309,1.0]
2  [6.89820457509734e-310,-0.33067301644342945,6.89820457510213e-310,-0.008500486791443943,-0.45228947757693855,-0.09469511057226497,-0.629557299858994,6.89820457511774e-310,-0.04431322167465328,0.35539323321453137,-0.9490223237247561,0.5100983235684152,-7.732942186655677,-7.886320455101217,-7.750843923590424,1.0,1.0,1.0,-3.8890158860037873]
3  [-0.16724420404399346,-0.12370755536865899,-0.21358279646052783,-0.0885530939240371,1.0]

iter: 11
time: 11072000 milliseconds
plogl: 0.0
learning rate: 0.5987369392383786
batch_size:    11
n_samples:
weights:
1  [1.0,1.0,1.0,1.0,1.0,-7.163169059542316,-7.9227366052154515,-7.044050539998292,1.0,1.0,1.0,-6.0,-6.0,1.0,1.0,1.0,1.0,1.0,-7.044074917358081,-6.799370761609067,-8.0,1.0,1.0,-6.0,1.0,1.0,1.0,-8.0,-8.0,1.0,1.0,1.0,-8.0,1.0]
2  [6.8988387877857e-310,-0.33054075939528926,6.8988387877905e-310,-0.008497086909279734,-0.4521085784160316,-0.09465723600985798,-0.6293055000870924,6.8988387878061e-310,-0.04429549801532568,0.4061537309641328,-0.7349112536840428,0.7188882230330585,-8.0,-8.0,-8.0,1.0,1.0,1.0,-4.889015886003787]
3  [-0.16717731251173806,-0.1236580768950851,-0.21349737119511847,-0.08851767594245505,1.0]

iter: 12
time: 12088000 milliseconds
plogl: 0.0
learning rate: 0.5688000922764596
batch_size:    12
n_samples:
weights:
1  [1.0,1.0,1.0,1.0,1.0,-8.0,-8.0,-8.0,1.0,1.0,1.0,-7.0,-7.0,1.0,1.0,1.0,1.0,1.0,-8.0,-7.799370761609067,-8.0,1.0,1.0,-7.0,1.0,1.0,1.0,-8.0,-8.0,1.0,1.0,1.0,-8.0,1.0]
2  [6.8977761263723e-310,-0.3304085227193401,6.8977761263771e-310,-0.008493687550815775,-0.4519277071198949,-0.09461936728145251,-0.6290537391011242,6.8977761263927e-310,-0.04427777708605882,0.43851975740859905,-0.6017287755253975,1.0,-8.0,-8.0,-8.0,1.0,1.0,1.0,-5.889015886003787]
3  [-0.167110431283108,-0.12360860604291912,-0.21341195908817476,-0.08848226341647554,1.0]

iter: 13
time: 13132000 milliseconds
plogl: 0.0
learning rate: 0.5403600876626365
batch_size:    13
n_samples:
weights:
1  [1.0,1.0,1.0,1.0,1.0,-8.0,-8.0,-8.0,1.0,1.0,1.0,-8.0,-8.0,1.0,1.0,1.0,1.0,1.0,-8.0,-8.0,-8.0,1.0,1.0,-8.0,1.0,1.0,1.0,-8.0,-8.0,1.0,1.0,1.0,-8.0,1.0]
2  [6.89586524044037e-310,-0.33027632267682167,6.89586524044516e-310,-0.008490289134073632,-0.4517468859304026,-0.09458150904379349,-0.6288020478603198,6.89586524046077e-310,-0.044260061066008174,0.7902157063171851,-0.2708887573836507,1.0,-8.0,-8.0,-8.0,1.0,1.0,1.0,-6.889015886003787]
3  [-0.16704356858253636,-0.12355914889562755,-0.21332657064288527,-0.08844686070080249,1.0]

iter: 14
time: 14128000 milliseconds
plogl: 0.0
learning rate: 0.5133420832795047
batch_size:    14
n_samples:
weights:
1  [1.0,1.0,1.0,1.0,1.0,-8.0,-8.0,-8.0,1.0,1.0,1.0,-8.0,-8.0,1.0,1.0,1.0,1.0,1.0,-8.0,-8.0,-8.0,1.0,1.0,-8.0,1.0,1.0,1.0,-8.0,-8.0,1.0,1.0,1.0,-8.0,1.0]
2  [6.8935306244263e-310,-0.3301441673910271,6.8935306244311e-310,-0.008486891867875745,-0.45156612595847034,-0.09454366362315522,-0.6285504418303456,6.8935306244467e-310,-0.044242351043769654,1.0,0.3551731642526298,1.0,-8.0,-8.0,-8.0,1.0,1.0,1.0,-7.628664055994326]
3  [-0.16697672851853404,-0.12350970849220265,-0.21324121110611194,-0.0884114699708258,1.0]

iter: 15
time: 15156000 milliseconds
plogl: 0.0
learning rate: 0.48767497911552943
batch_size:    15
n_samples:
weights:
1  [1.0,1.0,1.0,1.0,1.0,-8.0,-8.0,-8.0,1.0,1.0,1.0,-8.0,-8.0,1.0,1.0,1.0,1.0,1.0,-8.0,-8.0,-8.0,1.0,1.0,-8.0,1.0,1.0,1.0,-8.0,-8.0,1.0,1.0,1.0,-8.0,1.0]
2  [6.8909846102944e-310,-0.3300120609146516,6.8909846102992e-310,-0.008483495856403227,-0.4513854327473125,-0.09450583218011145,-0.6282989287269924,6.8909846103147e-310,-0.04422464756244164,1.0,0.5180632950521523,1.0,-8.0,-8.0,-8.0,1.0,1.0,1.0,-8.0]
3  [-0.16690991314082917,-0.12346028634879175,-0.21315588309550407,-0.08837609231184329,1.0]

iter: 16
time: 16174000 milliseconds
plogl: 0.0
learning rate: 0.46329123015975293
batch_size:    16
n_samples:
weights:
1  [1.0,1.0,1.0,1.0,1.0,-8.0,-8.0,-8.0,1.0,1.0,1.0,-8.0,-8.0,1.0,1.0,1.0,1.0,1.0,-8.0,-8.0,-8.0,1.0,1.0,-8.0,1.0,1.0,1.0,-8.0,-8.0,1.0,1.0,1.0,-8.0,1.0]
2  [6.8883334063064e-310,-0.3298800052642809,6.8883334063112e-310,-0.008480101151495686,-0.4512048090551842,-0.09446801529215354,-0.6280475123895705,6.88833340632667e-310,-0.044206950892265146,1.0,0.7784927029830504,1.0,-8.0,-8.0,-8.0,1.0,1.0,1.0,-8.0]
3  [-0.16684312346934857,-0.12341088321981654,-0.21307058791358102,-0.08834072826388967,1.0]

iter: 17
time: 17215000 milliseconds
plogl: 0.0
learning rate: 0.44012666865176525
batch_size:    17
n_samples:
weights:
1  [1.0,1.0,1.0,1.0,1.0,-8.0,-8.0,-8.0,1.0,1.0,1.0,-8.0,-8.0,1.0,1.0,1.0,1.0,1.0,-8.0,-8.0,-8.0,1.0,1.0,-8.0,1.0,1.0,1.0,-8.0,-8.0,1.0,1.0,1.0,-8.0,1.0]
2  [6.88563013763114e-310,-0.3297480014380427,6.88563013763593e-310,-0.008476707778811618,-0.45102425624730896,-0.09443021324511616,-0.6277961947183816,6.88563013765135e-310,-0.04418926116699844,1.0,0.8110724304961205,1.0,-8.0,-8.0,-8.0,1.0,1.0,1.0,-8.0]
3  [-0.1667763600089144,-0.12336149947868497,-0.2129853262050368,-0.08830537809426008,1.0]

iter: 18
time: 18241000 milliseconds
plogl: 0.0
learning rate: 0.41812033521917696
batch_size:    18
n_samples:
weights:
1  [1.0,1.0,1.0,1.0,1.0,-8.0,-8.0,-8.0,1.0,1.0,1.0,-8.0,-8.0,1.0,1.0,1.0,1.0,1.0,-8.0,-8.0,-8.0,1.0,1.0,-8.0,1.0,1.0,1.0,-8.0,-8.0,1.0,1.0,1.0,-8.0,1.0]
2  [6.882901377266e-310,-0.329616049924636,6.8829013772708e-310,-0.008473315750913821,-0.4508437749921219,-0.09439242617894844,-0.6275449766438435,6.88290137728616e-310,-0.044171578452131696,1.0,1.0,1.0,-8.0,-8.0,-8.0,1.0,1.0,1.0,-8.0]
3  [-0.16670962300669553,-0.12331213530822345,-0.21290009828552367,-0.08827004193382643,1.0]

iter: 19
time: 19253000 milliseconds
plogl: 0.0
learning rate: 0.3972143184582181
batch_size:    19
n_samples:
weights:
1  [1.0,1.0,1.0,1.0,1.0,-8.0,-8.0,-8.0,1.0,1.0,1.0,-8.0,-8.0,1.0,1.0,1.0,1.0,1.0,-8.0,-8.0,-8.0,1.0,1.0,-8.0,1.0,1.0,1.0,-8.0,-8.0,1.0,1.0,1.0,-8.0,1.0]
2  [6.880160416808e-310,-0.3294841509579477,6.88016041681277e-310,-0.00846992507381474,-0.45066336560952996,-0.0943546541606288,-0.6272938586112456,6.88016041682814e-310,-0.044153902779007895,1.0,1.0,1.0,-8.0,-8.0,-8.0,1.0,1.0,1.0,-8.0]
3  [-0.16664291258098476,-0.12326279079593104,-0.21281490430611,-0.08823471984522284,1.0]

iter: 20
time: 20275000 milliseconds
plogl: 0.0
learning rate: 0.37735360253530714
batch_size:    20
n_samples:
weights:
1  [1.0,1.0,1.0,1.0,1.0,-8.0,-8.0,-8.0,1.0,1.0,1.0,-8.0,-8.0,1.0,1.0,1.0,1.0,1.0,-8.0,-8.0,-8.0,1.0,1.0,-8.0,1.0,1.0,1.0,-8.0,-8.0,1.0,1.0,1.0,-8.0,1.0]
2  [6.8774139044956e-310,-0.32935230464441195,6.8774139045004e-310,-0.008466535750250437,-0.4504830282451121,-0.09431689722063685,-0.6270428408232245,6.87741390451576e-310,-0.04413623416189019,1.0,1.0,1.0,-8.0,-8.0,-8.0,1.0,1.0,1.0,-8.0]
3  [-0.16657622878561318,-0.12321346598162565,-0.21272974433554195,-0.088199411856952,1.0]

iter: 21
time: 21306000 milliseconds
plogl: 0.0
learning rate: 0.35848592240854177
batch_size:    21
n_samples:
weights:
1  [1.0,1.0,1.0,1.0,1.0,-8.0,-8.0,-8.0,1.0,1.0,1.0,-8.0,-8.0,1.0,1.0,1.0,1.0,1.0,-8.0,-8.0,-8.0,1.0,1.0,-8.0,1.0,1.0,1.0,-8.0,-8.0,1.0,1.0,1.0,-8.0,1.0]
2  [6.8746651655585e-310,-0.3292205110267152,6.8746651655633e-310,-0.008463147781318235,-0.45030276295725413,-0.09427915537119676,-0.6267919233610493,6.8746651655787e-310,-0.044118572606498964,1.0,1.0,1.0,-8.0,-8.0,-8.0,1.0,1.0,1.0,-8.0]
3  [-0.16650957164217026,-0.12316416088127663,-0.21264461840139082,-0.0881641179804452,1.0]

iter: 22
time: 22328000 milliseconds
plogl: 0.0
learning rate: 0.34056162628811465
batch_size:    22
n_samples:
weights:
1  [1.0,1.0,1.0,1.0,1.0,-8.0,-8.0,-8.0,1.0,1.0,1.0,-8.0,-8.0,1.0,1.0,1.0,1.0,1.0,-8.0,-8.0,-8.0,1.0,1.0,-8.0,1.0,1.0,1.0,-8.0,-8.0,1.0,1.0,1.0,-8.0,1.0]
2  [6.87191586305686e-310,-0.32908877011566146,6.87191586306165e-310,-0.00845976116729587,-0.4501225697607337,-0.09424142861540247,-0.6265411062452895,6.871915863077e-310,-0.04410091811428205,1.0,1.0,1.0,-8.0,-8.0,-8.0,1.0,1.0,1.0,-8.0]
3  [-0.16644294115612038,-0.12311487549892587,-0.21255952651063498,-0.0881288382185957,1.0]

iter: 23
time: 23341000 milliseconds
plogl: 0.0
learning rate: 0.3235335449737089
batch_size:    23
n_samples:
weights:
1  [1.0,1.0,1.0,1.0,1.0,-8.0,-8.0,-8.0,1.0,1.0,1.0,-8.0,-8.0,1.0,1.0,1.0,1.0,1.0,-8.0,-8.0,-8.0,1.0,1.0,-8.0,1.0,1.0,1.0,-8.0,-8.0,1.0,1.0,1.0,-8.0,1.0]
2  [6.86916682863343e-310,-0.32895708190611145,6.86916682863823e-310,-0.008456375908051228,-0.44994244864852134,-0.09420371695178224,-0.6262903894661604,6.86916682865354e-310,-0.044083270684550736,1.0,1.0,1.0,-8.0,-8.0,-8.0,1.0,1.0,1.0,-8.0]
3  [-0.1663763373248642,-0.1230656098326507,-0.21247446865995492,-0.08809357257002723,1.0]

iter: 24
time: 24374000 milliseconds
plogl: 0.0
learning rate: 0.30735686772502346
batch_size:    24
n_samples:
weights:
1  [1.0,1.0,1.0,1.0,1.0,-8.0,-8.0,-8.0,1.0,1.0,1.0,-8.0,-8.0,1.0,1.0,1.0,1.0,1.0,-8.0,-8.0,-8.0,1.0,1.0,-8.0,1.0,1.0,1.0,-8.0,-8.0,1.0,1.0,1.0,-8.0,1.0]
2  [6.866418478056e-310,-0.32882544638495526,6.8664184780608e-310,-0.008452992003247298,-0.44976239960268544,-0.09416602037658177,-0.6260397729987027,6.8664184780761e-310,-0.04406563031554817,1.0,1.0,1.0,-8.0,-8.0,-8.0,1.0,1.0,1.0,-7.9598234284119425]
3  [-0.16630976014177115,-0.1230163638775466,-0.2123894448408829,-0.08805832103122899,1.0]

iter: 25
time: 25387000 milliseconds
plogl: 0.0
learning rate: 0.2919890243387723
batch_size:    25
n_samples:
weights:
1  [1.0,1.0,1.0,1.0,1.0,-8.0,-8.0,-8.0,1.0,1.0,1.0,-8.0,-8.0,1.0,1.0,1.0,1.0,1.0,-8.0,-8.0,-8.0,1.0,1.0,-8.0,1.0,1.0,1.0,-8.0,-8.0,1.0,1.0,1.0,-8.0,1.0]
2  [6.86367101907167e-310,-0.32869386353510016,6.86367101907646e-310,-0.008449609452444683,-0.44958242259984693,-0.09412833888490622,-0.6257892568103741,6.86367101909177e-310,-0.04404799700498378,0.9836342570886719,1.0,1.0,-8.0,-8.0,-8.0,1.0,1.0,1.0,-7.745149521538256]
3  [-0.16624320959819627,-0.12296713762721903,-0.21230445504237871,-0.08802308359762362,1.0]

iter: 26
time: 26414000 milliseconds
plogl: 0.0
learning rate: 0.27738957312183365
batch_size:    26
n_samples:
weights:
1  [1.0,1.0,1.0,1.0,1.0,-8.0,-8.0,-8.0,1.0,1.0,1.0,-8.0,-8.0,1.0,1.0,1.0,1.0,1.0,-8.0,-8.0,-8.0,1.0,1.0,-8.0,1.0,1.0,1.0,-8.0,-8.0,1.0,1.0,1.0,-8.0,1.0]
2  [6.8609245553757e-310,-0.3285623333374656,6.8609245553805e-310,-0.008446228255152887,-0.4494025176139077,-0.09409067247129146,-0.6255388408648478,6.86092455539576e-310,-0.04403037075030059,1.0,1.0,1.0,-8.0,-8.0,-8.0,1.0,1.0,1.0,-8.0]
3  [-0.1661766856844892,-0.12291793107452981,-0.21221949925211814,-0.08798786026410141,1.0]

iter: 27
time: 27458000 milliseconds
plogl: 0.0
learning rate: 0.263520094465742
batch_size:    27
n_samples:
weights:
1  [1.0,1.0,1.0,1.0,1.0,-8.0,-8.0,-8.0,1.0,1.0,1.0,-8.0,-8.0,1.0,1.0,1.0,1.0,1.0,-8.0,-8.0,-8.0,1.0,1.0,-8.0,1.0,1.0,1.0,-8.0,-8.0,1.0,1.0,1.0,-8.0,1.0]
2  [6.85817913861665e-310,-0.32843085577198083,6.85817913862144e-310,-0.008442848410855958,-0.4492226846174153,-0.09405302112998982,-0.6252885251239116,6.85817913863666e-310,-0.04401275154880893,1.0,1.0,1.0,-8.0,-8.0,-8.0,1.0,1.0,1.0,-8.0]
3  [-0.16611018839049876,-0.12286874421197029,-0.21213457745713743,-0.08795265102528749,1.0]

iter: 28
time: 28438000 milliseconds
plogl: 0.0
learning rate: 0.25034408974245487
batch_size:    28
n_samples:
weights:
1  [1.0,1.0,1.0,1.0,1.0,-8.0,-8.0,-8.0,1.0,1.0,1.0,-8.0,-8.0,1.0,1.0,1.0,1.0,1.0,-8.0,-8.0,-8.0,1.0,1.0,-8.0,1.0,1.0,1.0,-8.0,-8.0,1.0,1.0,1.0,-8.0,1.0]
2  [6.8554347944094e-310,-0.32829943081808405,6.8554347944142e-310,-0.008439469919025323,-0.4490429235822456,-0.09401538485511302,-0.6250383095484188,6.85543479442935e-310,-0.04399513939775334,1.0,1.0,1.0,-8.0,-8.0,-8.0,1.0,1.0,1.0,-8.0]
3  [-0.16604371770582543,-0.12281957703184813,-0.21204968964415566,-0.08791745587567547,1.0]

iter: 29
time: 29460000 milliseconds
plogl: 0.0
learning rate: 0.2378268852553321
batch_size:    29
n_samples:
weights:
1  [1.0,1.0,1.0,1.0,1.0,-8.0,-8.0,-8.0,1.0,1.0,1.0,-8.0,-8.0,1.0,1.0,1.0,1.0,1.0,-8.0,-8.0,-8.0,1.0,1.0,-8.0,1.0,1.0,1.0,-8.0,-8.0,1.0,1.0,1.0,-8.0,1.0]
2  [6.85269153534687e-310,-0.32816805845497204,6.85269153535166e-310,-0.0084360927791262,-0.44886323447994436,-0.09397776364070358,-0.6247881940987626,6.85269153536683e-310,-0.04397753429434599,1.0,1.0,1.0,-8.0,-8.0,-8.0,1.0,1.0,1.0,-8.0]
3  [-0.1659772736199476,-0.12277042952638069,-0.21196483579973593,-0.08788227480969432,1.0]